0000000011116670085024763            LOCALIZA AMPARO/SP - AMP                                                                                                                              0109201924102019251020191315
000000002200010800110015001800
000000003200020730000000001350
000000004200030800000000001420
000000005200040830110015001730
000000006200050900110015001736
000000007200060800000000001400
000000008200071300000000001700
000000009200080800000000001400
000000010200090830110015001748
000000011200101040130017001900
000000012200111100000000001912
000000013200120740110014001616
000000014200130700110015301648
000000015200141300160020002300
000000016200150700110015001648
000000017200161300000000001700
000000018200171230000000001830
000000019200180801110016001801
000000020200190800110016261800
000000021200200800110015301815
000000022200210800110014301700
000000023200220900110015001800
000000024200230730110014121800
000000025200240830120016001900
000000026200251130000000001730
000000027200260845120014301900
000000028200270800000000001400
000000029200281440160021002300
000000030200290730000000001130
000000031200301200        1600
000000032200310740100015001620
000000033200320900000000001500
000000034200331100000000001700
000000035200340800110014001800
000000036200350630000000001230
000000037200360900000000001520
000000038200371300000000001920
000000039200380720110014001708
000000040200391340150019402200
000000041200401310000000001930
000000042200411759000000002359
000000043200420920000000001540
000000044200431300143020002112
000000045200440730103015051730
000000046200450748110014001600
000000047200460720110013201620
000000048200471220000000001840
000000049200481200000000001800
000000050200490720110014301750
000000051200501620182022400040
000000052200512030000000000250
000000053200521220000000001840
000000054200530740000000001400
000000055200541255000000001915
000000056200551140000000001800
000000057200560720000000001340
000000058200571400180020302048
000000059200580740000000001552
000000060200590900000000001712
000000061200601330000000001950
000000062200611605000000002225
000000063200621225000000001845
000000064200630955000000001615
000000065200641320000000001940
000000066200651655000000002315
000000067200660800000000001420
000000068200671420000000002040
000000069200681345000000002005
000000070200690645000000001305
000000071200701445000000002105
000000072200710715000000001335
000000073200720845000000001505
000000074200731740000000000000
000000075200740900113015301720
000000076200750940000000001600
000000077200761100000000001720
000000078200771120000000001740
000000079200780600000000001220
000000080200791340000000002000
000000081200801540000000002200
000000082200810840000000001500
000000083200820815000000001435
000000084200830730000000001350
000000085200840815000000001627
000000086200850925000000001545
000000087200861800000000000020
000000088200871430000000002050
000000089200880615000000001235
000000090200891630000000002250
000000091200900935000000001555
000000092200911415000000002035
000000093200921240000000001900
000000094200930500000000001120
000000095200940900000000001520
000000096200950630000000001250
000000097200961505000000002125
000000098200971620190023000040
000000099200980900113015301900
000000100200992300000000000520
000000101201000830110015001830
000000102201011020000000001832
000000103201020900110016301800
000000104201030800000000001200
000000105201041148000000002000
000000106201050900110016001800
000000107201061000110015001900
000000108201071400000000002020
000000109201081724200023000130
000000110201091020000000001832
000000111201100840000000001652
000000112201110745000000001405
000000113201121510000000002130
000000114201130620000000001240
000000115201140900000000001712
000000116201150900000000001600
000000117201160842110015001900
000000118201171000000000001812
000000119201180400000000001200
000000120201190700000000001320
000000121201200800100015001650
000000122201210800110015041636
000000123201221440000000002100
000000124201230750000000001410
000000125201240640000000001300
000000126201251410000000002030
000000127201261400000000002020
000000128201270820000000001440
000000129201281000120016362000
000000130201290700110014301536
000000131201300830000000001642
000000132201311300000000001920
000000133201321525000000002145
000000134201331000000000001620
000000135201341455000000002115
000000136201350800000000001612
000000137201360535000000001155
000000138201370700000000001320
000000139201382225000000000445
000000140201391410000000002030
000000141201400000000000000620
000000142201410710000000001330
000000143201421035000000001655
000000144201431400000000002020
000000145201440830000000001450
000000146201450910000000001530
000000147201461650000000002310
000000148201470750000000001410
000000149201481305000000001925
000000150201490855000000001515
000000151201501545000000002205
000000152201510800100015001612
000000153201521040000000001700
000000154201532315000000000535
000000155201540820000000001440
000000156201550850000000001510
000000157201561730000000002350
000000158201571615000000002235
000000159201581210000000001830
000000160201591500160022002320
000000161201601000000000001812
000000162201610800000000001612
000000163201620845000000001657
000000164201631815000000000035
000000165201640930000000001742
000000166201650830000000001642
000000167201660901110015001901
000000168201671900000000000120
000000169201681020000000001640
000000170201691150000000002002
000000171201701400000000001800
000000172201710800110015141700
000000173201721450000000002110
000000174201731335000000001955
000000175201742130000000000350
000000176201750930120015001830
000000177201760820110015001808
000000178201770800100014301706
000000179201780901110015001901
000000180201790759100014121759
000000181201801430000000001830
000000182201810800110015001730
000000183201821500170021000000
000000184201831630193023300230
000000185201841300163019302120
000000186201851200000000001820
000000187201860740090015001600
000000188201870800110013301800
000000189201880900110015001800
000000190201890830110015001730
000000191201900900110015001720
000000192201911300000000001900
000000193201920800103015001800
000000194201931000120015001800
000000195201940800100012001415
000000196201950700100014001700
000000197201960820000000001822
000000198201970900130017001900
000000199201981300000000001900
000000200201991000123017001840
000000201202000745110014001645
000000202202010745110014001625
000000203202020745110014001745
000000204202031300000000001900
000000205202041300000000001900
000000206202051300000000001900
000000207202061300000000001900
000000208202071300000000001900
000000209202081300000000001900
000000210202091300000000001900
000000211202101400000000002000
000000212202111030000000001650
000000213202121125000000001745
000000214202131400000000002000
000000215202140800110014301745
000000216202151400000000002000
000000217202160800110015301800
000000218202171400000000002000
000000219202180800100015001800
000000220202191210000000002022
000000221202201100120017302000
000000222202211400000000001920
000000223202220800000000001400
000000224202230830093014301818
000000225202240750095015001650
000000226202251027120016001900
000000227202261200140018302036
000000228202271400000000002000
000000229202280430070012301406
000000230202291500000000002120
000000231202301201160018302148
000000232202310802110015001702
000000233202321000113016001900
000000234202331000120017001920
000000235202340831110015001831
000000236202350900000000001520
000000237202360945000000001757
000000238202370700100013001536
000000239202381400160020002300
000000240202391140133019002000
000000241202401340153020002200
000000242202410700100012001520
000000243202420800000000001400
000000244202430800000000001400
000000245202440920000000001540
000000246202451800000000000000
000000247202460800000000001400
000000248202471400000000002000
000000249202481300000000001900
000000250202490800100015301800
000000251202500700000000001300
000000252202510700100014301700
000000253202520700000000001100
000000254202531000000000001400
000000255202540900110016001900
000000256202551230140018302054
000000257202561200140018002000
000000258202570800110015301600
000000259202580736103014001600
000000260202590600000000001200
000000261202601900000000000100
000000262202611600000000002200
000000263202621000000000001600
000000264202631800190022000100
000000265202640400000000001000
000000266202650800110014301700
000000267202660900000000001300
000000268202671440000000002100
000000269202680810000000001430
000000270202690800000000001400
000000271202701340150020002200
000000272202710640000000001300
000000273202721000120017001920
000000274202730940000000001752
000000275202741006120016001800
000000276202750801110015301701
000000277202761001120015001901
000000278202770801110015301701
000000279202780730110014301630
000000280202790800110015001700
000000281202800700110015001748
000000282202810830000000001230
000000283202820745110014301833
000000284202831645000000002305
000000285202840720103014001720
000000286202850915120014301815
000000287202860400050011001220
000000288202870620080013301440
000000289202881220142018202040
000000290202891440160020402300
000000291202901700183023000120
000000292202910900110015001720
000000293202920800100015291620
000000294202931140125018002000
000000295202940842114215421900
000000296202951245000000001905
000000297202960800100014001600
000000298202971600000000002220
000000299202981035120015001900
000000300202990830110015301800
000000301203000900000000001400
000000302203012330000000000550
000000303203020900110015001800
000000304203030900120015301900
000000305203041230150017002100
000000306203050800000000001400
000000307203060800000000001400
000000308203070800000000001400
000000309203080800110014001636
000000310203090800000000001400
000000311203100800000000001400
000000312203110745120013001800
000000313203121800000000000000
000000314203131240190020002100
000000315203141340200021002200
000000316203151100130017002100
000000317203160800110015001802
000000318203170800100015001700
000000319203181000110015001700
000000320203190801110016001801
000000321203201000123016301930
000000322203211600180021000100
000000323203220700100015001700
000000324203230801110015001801
000000325203240720103014001720
000000326203250700080015001520
000000327203260900120017001948
000000328203270900130016301830
000000329203281400160018002000
000000330203291000120014001600
000000331203300940120016001800
000000332203310800110016001620
000000333203320859110015001759
000000334203331500000000002312
000000335203341100000000001912
000000336203351015000000001827
000000337203360930000000001742
000000338203370800100015001600
000000339203381555000000002215
000000340203390800110015001612
000000341203400730110014001700
000000342203410800100015001612
000000343203420930000000001550
000000344203430900110015001948
000000345203441000114013401820
000000346203451140130018302000
000000347203460500110012001320
000000348203471539190020002359
000000349203480500070011201320
000000350203491539200021002359
000000351203501100120017002000
000000352203511300000000001900
000000353203521300000000001900
000000354203531140000000001952
000000355203541300000000001900
000000356203550730113013301718
000000357203562100000000000320
000000358203571230140018302054
000000359203580020000000000640
000000360203590600110014001800
000000361203601310000000001830
000000362203610830110015001800
000000363203620700110014001536
000000364203630700110014301600
000000365203641310000000001830
000000366203651210000000001730
000000367203661400000000002000
000000368203670530000000001130
000000369203680800100015001700
000000370203691100120018552000
000000371203701300150020002300
000000372203711700000000002300
000000373203721200150019002130
000000374203730940000000001752
000000375203741920000000000120
000000376203750648090014001648
000000377203760940110016401800
000000378203771200140018002000
000000379203780900110014301600
000000380203790801110015001701
000000381203800700100013001536
000000382203810800110014001600
000000383203820820102014301640
000000384203831000120016001820
000000385203840901120016001801
000000386203850800000000000800
000000387203860800110016001800
000000388203870830113014301820
000000389203881500000000002100
000000390203890745120014301645
000000391203900830113015201820
000000392203911300000000001700
000000393203921700000000002320
000000394203931400000000002000
000000395203941000000000001600
000000396203950730113015001718
000000397203960600080014141420
000000398203970640080014401500
000000399203981000110017301820
000000400203990630090013301506
000000401204001200130018002036
000000402204011020140018302020
000000403204020801100116011801
000000404204031230000000001850
000000405204041030000000001630
000000406204051036000000001900
000000407204060630090014001630
000000408204070800000000001700
000000409204080600100014001436
000000410204090600100014001548
000000411204100700103015001648
000000412204110600100013001412
000000413204120700100014001512
000000414204131248150019002100
000000415204141400180020302236
000000416204151224140018302100
000000417204161112150018302100
000000418204171012120017302000
000000419204180800110014301700
000000420204191500180022000000
000000421204201000120016301900
000000422204211200150019302100
000000423204220915000000001535
000000424204231400170021302300
000000425204241200140018002012
000000426204251400170021302212
000000427204261300170019302248
000000428204271448170021002300
000000429204281312160019302300
000000430204290530090012301342
000000431204300600090013401500
000000432204310530090012301518
000000433204321030123016001842
000000434204331030120016002018
000000435204340930000000001330
000000436204350700100014001520
000000437204360800110015001748
000000438204371240130019002100
000000439204381300160020002112
000000440204391200160018302148
000000441204402320000000000520
000000442204410745110015001833
000000443204420745110015001800
000000444204430840110016001800
000000445204440600100014001520
000000446204450500080012001312
000000447204460500090012301448
000000448204471600190022300012
000000449204481400180022002348
000000450204491500180022300048
000000451204501500170021302312
000000452204510800110015001730
000000453204520800110015001700
000000454204531100130018002000
000000455204541200140018002020
000000456204551400150021002220
000000457204561540174023000000
000000458204572200010004300620
000000459204581200000000001800
000000460204591500170021302320
000000461204600730100013001530
000000462204611212140019302200
000000463204620648100014001500
000000464204630648100013001636
000000465204640800110015001745
000000466204651330000000001930
000000467204660915000000001727
000000468204670500110015002200
000000469204680700110015001748
000000470204692000000000000200
000000471204701200150019302100
000000472204711200140018002000
000000473204720700103013301536
000000474204732200000000000400
000000475204740100000000000700
000000476204750800110015301740
000000477204761100130017301920
000000478204771040124016001900
000000479204780740100014301600
000000480204791120000000001932
000000481204800812110015001900
000000482204811200140018002000
000000483204820700100014001600
000000484204830700110015001748
000000485204840900100014201520
000000486204851015000000001827
000000487204861135000000001947
000000488204870500080012001320
000000489204881300140019002120
000000490204891340150020002200
000000491204900020040006300840
000000492204911200000000001600
000000493204921600000000002000
000000494204931600180022000020
000000495204942350000000000610
000000496204951100140017002100
000000497204960815110014301730
000000498204970900000000001500
000000499204981300160019002200
000000500204990800110015301815
000000501205001200170019300000
000000502205011900220004400700
000000503205020500100014301700
000000504205030700110016001900
000000505205041000140017002200
000000506205052100000003300600
000000507205061100130017002048
000000508205070700103014301700
000000509205082340020006000800
000000510205091430153020302250
000000511205101400160020002200
000000512205110530073011301350
000000513205121800200000000220
000000514205132100230004000520
000000515205140540073011401400
000000516205151330153019302150
000000517205161350150019502210
000000518205170730090014301550
000000519205181007130016001901
000000520205191130123017301950
000000521205201000113018002000
000000522205211800000000002200
000000523205220800100014301636
000000524205230730103014001748
000000525205241240000000001840
000000526205251420000000002020
000000527205261420170020002300
000000528205272300010005000720
000000529205281630000000002230
000000530205290740110014001728
000000531205301130123017002000
000000532205310745110014001800
000000533205322100235901110700
000000534205331900220023120500
000000535205341800000000000010
000000536205350800110014301700
000000537205360945110015001730
000000538205371600200022300136
000000539205381320150020302140
000000540205391000110017001800
000000541205401200150017002000
000000542205410730103014301630
000000543205421750000000002350
000000544205430800110015001800
000000545205442350000000000550
000000546205450550000000001150
000000547205460800000000001400
000000548205470800000000001400
000000549205480800000000001400
000000550205490800000000001400
000000551205501024132415241900
000000552205511420000000002020
000000553205520900100013001448
000000554205530500000000001100
000000555205540600100013301420
000000556205553600000000003600
000000557205561000113015301700
000000558205570900110015201720
000000559205587200000000007200
000000560205591500170021302320
000000561205600901110015001801
000000562205612100230003200520
000000563205621600000000002200
000000564205630000020005000700
000000565205641800200023000100
000000566205650900110015481800
000000567205660800110015001712
000000568205670845000000001400
000000569205680848110015481800
000000570205691500000000002100
000000571205700900110015481800
000000572205710320000000000920
000000573205720900110015001700
000000574205730915113015301900
000000575205741600180022300030
000000576205750730000000001350
000000577205760800000000001420
000000578205771240140019302100
000000579205781000111515151400
000000580205791100130017002030
000000581205800800110015301600
000000582205810901110015001801
000000583205820901113015301901
000000584205830831110015001831
000000585205840801110015001801
000000586205850800100015301700
000000587205860600080014001420
000000588205871140130018402000
000000589205880900110015301700
000000590205890800103016001800
000000591205901410151020102230
000000592205911110000000001822
000000593205921000120018002000
000000594205930800110014001712
000000595205941210000000001810
000000596205951320142019202140
000000597205961000120016001836
000000598205971630173022300050
000000599205981210141018102030
000000600205991820202001200240
000000601206001530000000002130
000000602206010500080011001320
000000603206020900110015301700
000000604206031006110616061900
000000605206040736110014001612
000000606206050700090014001748
000000607206060801110016301801
000000608206070630083012301600
000000609206080900110015001630
000000610206091030120016301900
000000611206101400000000002200
000000612206110740094013401620
000000613206120800000000001340
000000614206131023000000001900
000000615206140400000000000000
000000616206151220132015002000
000000617206162230010004000706
000000618206170440000000000840
000000619206180630083013301450
000000620206191840204000400300
000000621206201100150017002300
000000622206210848110015001700
000000623206221800200000000400
000000624206231000120016001836
000000625206240750110015001626
000000626206250630000000000000
000000627206261610180022000030
000000628206271030120017241906
000000629206280900110015301800
000000630206291000130016001720
000000631206300710110014001710
000000632206310500100015002200
000000633206321300000000001800
000000634206330815110015001803
000000635206341155000000002007
000000636206351416160020002300
000000637206360800110015001654
000000638206370900110015301800
000000639206381700180023000000
000000640206390600080013001400
000000641206400500070012001300
000000642206411500170021002300
000000643206420800110014301625
000000644206431100140016001936
000000645206441548180022000000
000000646206452000220004000600
000000647206460920112015401740
000000648206470700110015001636
000000649206480300050010001120
000000650206491310150019002130
000000651206501001130016001901
000000652206510920112015401640
000000653206521300160020002120
000000654206531300000000001820
000000655206541000120017001936
000000656206550900100015001600
000000657206561000000000001520
000000658206570802110015001802
000000659206580902120016001902
000000660206590812101216121800
000000661206601400000000001848
000000662206611006130017001900
000000663206620530000000001150
000000664206631500000000002020
000000665206640750100013501750
000000666206651548180022000000
000000667206660901110013001401
000000668206670800100012001300
000000669206680701100015001701
000000670206690800110016301800
000000671206700830123015001745
000000672206710000030006000900
000000673206720801110015301731
000000674206731500160021302312
000000675206741045123014301945
000000676206750800110015301620
000000677206760801110015001701
000000678206770730110014001715
000000679206780730110014001530
000000680206791000120014001500
000000681206800801100016001801
000000682206810801110016001801
000000683206821440150021402300
000000684206831400190021002300
000000685206841324150019002200
000000686206851024120015001900
000000687206861110000000001922
000000688206870800000000001400
000000689206880648090014001648
000000690206890730110014001630
000000691206901334150020002210
000000692206911000120017301820
000000693206920800100013001400
000000694206930712110013001800
000000695206940712100012001800
000000696206950712120014001800
000000697206960900000000001800
000000698206971023120015301900
000000699206980900110015301800
000000700206990900110014301700
000000701207000800120014001637
000000702207010700100013001536
000000703207020801100016001801
000000704207030901110015001701
000000705207042240010005000700
000000706207051420180021002240
000000707207060830093014301530
000000708207070800110015001715
000000709207080915120015001830
000000710207090930120016001900
000000711207100901100016001901
000000712207110800110015001630
000000713207121030120017001900
000000714207130912120016301900
000000715207140900110017001815
000000716207151140120017402000
000000717207160801110015301731
000000718207170400110014302200
000000719207180930110015301900
000000720207190931110016001901
000000721207200800110015001700
000000722207210800110014121627
000000723207220900000000001900
000000724207230801103015301701
000000725207240745110015001803
000000726207250945110015301900
000000727207261036130015001900
000000728207271300160021002300
000000729207281200130019002100
000000730207291600000000002120
000000731207300830110015301800
000000732207310830110015001600
000000733207320901110016001901
000000734207330800100014001624
000000735207340901110015301701
000000736207351234140018302110
000000737207360901120015001801
000000738207371300170020002200
000000739207380901110017001901
000000740207390559090013001559
000000741207401140120018572000
000000742207410700110014001520
000000743207420430000000001030
000000744207430200000000000820
000000745207441354165419302230
000000746207450300060008361136
000000747207461200150019302200
000000748207470830103015241724
000000749207480600090013001600
000000750207491300150017001900
000000751207501230170018002130
000000752207511000110016001820
000000753207521000120016481948
000000754207531600170022000020
000000755207541300140019002200
000000756207551400150021002220
000000757207560740100015401600
000000758207570800100015001636
000000759207581400000000002010
000000760207590900113016301720
000000761207601200130018002036
000000762207610800090015001620
000000763207621040114018001900
000000764207631640180022400100
000000765207642130230003300600
000000766207651650180023000110
000000767207661200130018002020
000000768207670700100013001536
000000769207681540164022400000
000000770207691100120017001920
000000771207702200000005300620
000000772207710720090014001540
000000773207720750000000001350
000000774207731000120017001820
000000775207740900090015001520
000000776207751300150021002300
000000777207761000120017001900
000000778207771140130017402016
000000779207780900100015001800
000000780207791124123015302000
000000781207800900110015001720
000000782207810900100015001700
000000783207821240134019002100
000000784207830800110015001715
000000785207840500080012301312
000000786207852200020005000620
000000787207861210131018102030
000000788207871800190023000220
000000789207880900110015001701
000000790207891330143019302150
000000791207902100000000000600
000000792207911200130018002012
000000793207921000110015001900
000000794207930800100015301800
000000795207941000110016001712
000000796207951000120017301900
000000797207960610090014301430
000000798207972359000000000559
000000799207980930110014301730
000000800207990830110015001818
000000801208000820092014301640
000000802208010830110016001830
000000803208021006120015001900
000000804208030730000000001250
000000805208041002120015001902
000000806208050830110015301900
000000807208060730110014301610
000000808208070801110015001700
000000809208081200160019002036
000000810208090901110016001900
000000811208101048120017001900
000000812208110600090013001412
000000813208120745000000001800
000000814208131600190022000036
000000815208140720000000001532
000000816208150731110015001631
000000817208160730110015001706
000000818208170430000000000830
000000819208180430071711171430
000000820208190700100014001540
000000821208200745110014001733
000000822208211001120016001901
000000823208220330050009001150
000000824208230920112015401740
000000825208240940110016001800
000000826208250730000000001542
000000827208260230000000000850
000000828208270630000000001442
000000829208280200000000000800
000000830208291230133021062206
000000831208301001120016001901
000000832208311400170020000000
000000833208320850000000001702
000000834208330900123015301737
000000835208342300010005200720
000000836208352200000000000420
000000837208361940224001400400
000000838208370500000000002200
000000839208380830110015301730
000000840208390901110015001701
000000841208401001113016001901
000000842208410901110015001801
000000843208421140130017002000
000000844208431101130018002001
000000845208440800110014301700
000000846208450900123015301630
000000847208461000120015301900
000000848208470740000000001340
000000849208481010000000001822
000000850208491740194023400200
000000851208500800100014001600
000000852208511000000000001600
000000853208521000000000001600
000000854208530400080012001400
000000855208540400090012001448
000000856208550730000000001530
000000857208560200050008001020
000000858208570940124014401720
000000859208581230153018302230
000000860208591200150017002148
000000861208600740120014001728
000000862208610902120015001702
000000863208620901120016001801
000000864208630030000000000630
000000865208640906120014001800
000000866208651330163019302330
000000867208660830110015001654
000000868208670759103015001759
000000869208680901110016001900
000000870208690801110015001800
000000871208701630000000002030
000000872208711200150018002248
000000873208720859110015121900
000000874208730900110017001900
000000875208740800100014301730
000000876208750900103015001830
000000877208760920120015001640
000000878208770730113014301715
000000879208780900100015301700
000000880208791040000000001852
000000881208801001120016001801
000000882208810800110014001654
000000883208820759100016001759
000000884208830859110015121859
000000885208840901113015301901
000000886208851006130016001900
000000887208860801110015001701
000000888208871930000000002330
000000889208881020122016401840
000000890208890801110014001701
000000891208901340150019302100
000000892208911100150018002048
000000893208920700100014001648
000000894208930730100015301606
000000895208941430160021002250
000000896208950800100016001736
000000897208960800100016001720
000000898208971548180022000000
000000899208981100130017001940
000000900208990800100014301706
000000901209000859100016001859
000000902209011100123018302036
000000903209021100140019002148
000000904209031100140019002130
000000905209040900110015001818
000000906209050800100014001700
000000907209060800110015001800
000000908209070800110015001748
000000909209081000120016001900
000000910209090730120013001718
000000911209101345000000001945
000000912209110500083012301500
000000913209121201140018002001
000000914209130800000000001748
000000915209140800100013001500
000000916209152359000000000600
000000917209160800110015001718
000000918209170701100014001601
000000919209180942120016001900
000000920209190800120013451745
000000921209201930230003300506
000000922209210802100014001702
000000923209220750110015001750
000000924209230750110015001751
000000925209241001130018002001
000000926209250700110015001600
000000927209260830103016101818
000000928209272340010004000800
000000929209281404180019002240
000000930209290800100014541654
000000931209301200000000001648
000000932209310830110015001724
000000933209320800110015001654
000000934209331006120016001900
000000935209341312000000001800
000000936209350610000000001422
000000937209361006130017001900
000000938209371454180022000030
000000939209381200140016001900
000000940209390930110014121930
000000941209400900110015001900
000000942209410901110015001801
000000943209420901110014001601
000000944209430730120014201530
000000945209440700100013121700
000000946209450730110014121800
000000947209460700000000001512
000000948209470820000000001632
000000949209481750000000000010
000000950209490800110015001715
000000951209501045000000001705
000000952209510905000000001525
000000953209520905000000001525
000000954209531045000000001705
000000955209540800100014301600
000000956209552200000003300700
000000957209560700000000001512
000000958209570820000000001632
000000959209580800100015001648
000000960209590830110016001800
000000961209600801100014001700
000000962209610000020006300820
000000963209621140160019302340
000000964209630800000000001400
000000965209640650000000001310
000000966209651130000000001750
000000967209660600100014301648
000000968209670900110015001733
000000969209682100230003000648
000000970209690830000000001730
000000971209701140000000001952
000000972209712100000000000300
000000973209721100000000001912
000000974209731550000000002210
000000975209741250000000001910
000000976209751010000000001630
000000977209761050000000001710
000000978209771350000000002010
000000979209781110000000001730
000000980209791520000000002140
000000981209800830110015001730
000000982209810800100015001730
000000983209820900110015301848
000000984209830800110014001730
000000985209840830110014301818
000000986209850820110015001720
000000987209860820110015451820
000000988209870912110016001900
000000989209880912110016001812
000000990209890830110015301830
000000991209900640110014001524
000000992209910740000000001300
000000993209920901110014001601
000000994209931112130019002100
000000995209940801110015001701
000000996209950800100014001634
000000997209960720110014001708
000000998209970640100014001516
000000999209980720110013001420
000001000209991144130018442020
000001001210001016130017001900
000001002210011301160019002201
000001003210020800100015301700
000001004210031400170020500000
000001005210041430000000002030
000001006210051410000000001930
000001007210060954120015301900
000001008210070800100014001748
000001009210080800100015001800
000001010210090901110017001901
000001011210100645100013301633
000001012210110730100014301630
000001013210120000030006301000
000001014210131620180022000040
000001015210141124123017242000
000001016210151100140019002048
000001017210160800100015301800
000001018210170845110015301730
000001019210180830103015001730
000001020210190830000000001300
000001021210200500000000001100
000001022210212350000000000550
000001023210222300000000000500
000001024210230745110014301800
000001025210241420160020202240
000001026210250740110013001440
000001027210261524180022300000
000001028210271412180021300000
000001029210280900110015001736
000001030210290824110015301800
000001031210300800110014001650
000001032210310730110015301606
000001033210320800110015001736
000001034210331100000000002000
000001035210341530190021300130
000001036210350830000000001350
000001037210361700200000000300
000001038210370830000000001430
000001039210380840110016001700
000001040210390745000000001557
000001041210401030000000001842
000001042210411330000000001730
000001043210420720092014001540
000001044210430745110014001730
000001045210440800000000001400
000001046210451224160019002200
000001047210461400000000002000
000001048210470900110015401712
000001049210481124130017242000
000001050210490745100014001557
000001051210500800110014151715
000001052210510701100013001601
000001053210520901120115011801
000001054210532045000000000522
000001055210540800000000001700
000001056210551252170019002240
000001057210560830110014001706
000001058210571800230001300600
000001059210580610081012301430
000001060210592140230004000600
000001061210600810102014301630
000001062210612230003005300650
000001063210620930110015001730
000001064210630710090013001530
000001065210641530164021402350
000001066210650720110014301720
000001067210661515000000002135
000001068210671025000000001645
000001069210681435000000002055
000001070210691055000000001715
000001071210701310000000001930
000001072210712055000000000315
000001073210721405000000002025
000001074210731740210023400200
000001075210740745000000001405
000001076210752012220001000600
000001077210761000120016001948
000001078210770800120015301800
000001079210781148130018002000
000001080210790848110015001700
000001081210800850100015001726
000001082210810800100014301630
000001083210821045000000001857
000001084210831130140017302030
000001085210840830103014001730
000001086210850800110016151800
000001087210861224132418442100
000001088210870730093015001730
000001089210880900110015001800
000001090210891020110017002020
000001091210901120130018001940
000001092210910600090014001600
000001093210920600090013001600
000001094210931200150021002200
000001095210941600190022300148
000001096210951030000000001850
000001097210962150230004000610
000001098210971048000000001900
000001099210980800100014001640
000001100210991120140017242000
000001101211000830113014451745
000001102211010700110014001540
000001103211021000000000001900
000001104211030800000000000000
000001105211040400000000000000
000001106211050800110014301730
000001107211061100000000002000
000001108211070950000000001802
000001109211080800110015001848
000001110211090800110015001818
000001111211100600000000000000
000001112211110745110014001700
000001113211120800110014301818
000001114211131130130018002000
000001115211140900103015301724
000001116211150845110015001730
000001117211161100120017001912
000001118211170948114815481800
000001119211181648180022480100
000001120211190550100013001550
000001121211201200150018002148
000001122211210812100014001800
000001123211221548164522000000
000001124211231230140018302050
000001125211241000110017002000
000001126211250815110015001730
000001127211260750095013501610
000001128211271150140018452010
000001129211281400170021002320
000001130211291050000000001902
000001131211300720110014201620
000001132211310700000000000000
000001133211320500000000000000
000001134211330900120016001830
000001135211340920130016001920
000001136211350530083012301518
000001137211360640100013401628
000001138211370730000000001330
000001139211381036120017241900
000001140211391030113016301850
000001141211401240144019002100
000001142211410830110016001830
000001143211421400000000001448
000001144211431930000000000130
000001145211440942110015001900
000001146211451001120016001901
000001147211461640000000002300
000001148211470730110014301818
000001149211481230000000001630
000001150211490902120016001902
000001151211501610000000002317
000001152211511240000000001640
000001153211521640184022400100
000001154211530812100015301800
000001155211540800110014121615
000001156211551035120016421900
000001157211560942123016001930
000001158211571705000000002325
000001159211580800110014201800
000001160211590440055911001300
000001161211600750110015001750
000001162211611500000000002000
000001163211621300150019002000
000001164211631000130016001700
000001165211640930110015301750
000001166211651620182022200040
000001167211660830103014301650
000001168211670750110013501630
000001169211681140000000001942
000001170211690750110014501626
000001171211702300020005000736
000001172211710745100014301733
000001173211720430055911001250
000001174211731710190023100130
000001175211741542170021500130
000001176211751640000000000052
000001177211760830110014301818
000001178211771325160019252313
000001179211780930110014301918
000001180211791218140018122030
000001181211801150145016502026
000001182211810732103014301732
000001183211821200150020182200
000001184211830731103014301731
000001185211841640190023000100
000001186211850540080012401540
000001187211860600000000001000
000001188211870540080012401628
000001189211880540000000001140
000001190211890540080011401352
000001191211900801110016301800
000001192211911730000000002330
000001193211920720000000000000
000001194211931510170021102330
000001195211940500080013001500
000001196211950500080012001548
000001197211971900000000002300
000001198211981212151219122300
000001199211991300160021002300
000001200212000500000000000900
000001201212010800000000001400
000001202212020830000000001730
000001203212031630190022300100
000001204212041600180022000100
000001205212052130233003300600
000001206212060802120013121802
000001207212070800110015001730
000001208212080700100015001630
000001209212090600090013001530
000001210212101430160021300000
000001211212111400160022000000
000001212212121000140016001854
000001213212131400160020002236
000001214212140930120015301900
000001215212150930120016301930
000001216212162200000004000612
000001217212172000220003200420
000001218212180815110014151715
000001219212190755000000001415
000001220212201745000000000005
000001221212210950000000001610
000001222212221625000000002245
000001223212231755000000000015
000001224212240835000000001455
000001225212251610000000002230
000001226212260610000000001230
000001227212270825000000001445
000001228212281000120016001812
000001229212291005000000001625
000001230212300945000000001605
000001231212311710000000002330
000001232212321425000000002045
000001233212331620000000002240
000001234212340845110014451715
000001235212350801110015001701
000001236212362000000000000220
000001237212371325000000001945
000001238212381001130016002001
000001239212390805000000001425
000001240212401725000000002345
000001241212410745110015001745
000001242212420700090014001620
000001243212430800100015001720
000001244212440900110016001730
000001245212450440080012001440
000001246212461412180021300100
000001247212471100130018002100
000001248212481500180022000100
000001249212490440090012401528
000001250212500700100014001748
000001251212511540000000002140
000001252212520400060011001236
000001253212530800110014201800
000001254212541330150020002206
000001255212551825000000000045
000001256212561945000000000205
000001257212571715000000002335
000001258212581915000000000135
000001259212590520000000001140
000001260212600800000000001300
000001261212611530000000002150
000001262212621235000000001855
000001263212630930120015001830
000001264212641115000000001735
000001265212651155000000001815
000001266212661140134017402016
000001267212670750110014151630
000001268212680800110014001645
000001269212691030123017302000
000001270212700800110013001530
000001271212710745110014501621
000001272212720924120015241800
000001273212731600190022002300
000001274212741024120018002000
000001275212750400060010001212
000001276212760400070011001336
000001277212770600080013001400
000001278212781554180021540030
000001279212791830000000000030
000001280212800900110016001836
000001281212811024120017242000
000001282212820940114015401820
000001283212830740090013401616
000001284212840850110015501810
000001285212850700100013001530
000001286212860700100013001430
000001287212871650185023000110
000001288212881454170021540030
000001289212890920000000001732
000001290212901134130018442010
000001291212911400170020000000
000001292212921020140018001900
000001293212931130140018002130
000001294212941401170020000001
000001295212951100130017001936
000001296212960500100013001400
000001297212970930000000001530
000001298212982100230004000512
000001299212990830110014301800
000001300213001112140018302200
000001301213010400083011301448
000001302213020400080012001300
000001303213030400070011001400
000001304213040400000000000800
000001305213050845110015451845
000001306213062045000000000305
000001307213072340000000000600
000001308213081720000000002340
000001309213091920000000000140
000001310213101355000000002015
000001311213111930000000000150
000001312213121015000000001635
000001313213130910000000001722
000001314213140855000000001707
000001315213150930000000001830
000001316213160750000000001400
000001317213171400000000002010
000001318213181012120016002100
000001319213191340164020002200
000001320213201140000000001805
000001321213210859110015001859
000001322213221110140017101930
000001323213230759110014001759
000001324213242000220002000600
000001325213250705000000001325
000001326213260440080011001252
000001327213270440000000001040
000001328213280430000000001030
000001329213290600000000001100
000001330213300905000000001717
000001331213311350000000002000
000001332213321900220001200320
000001333213332210000000000430
000001334213342345000000000605
000001335213351500180022300100
000001336213361400000000002000
000001337213370900110016001820
000001338213380901110015001601
000001339213390745000000001345
000001340213401530183021300130
000001341213411150000000001810
000001342213420801000000001401
000001343213431315000000001935
000001344213441840000000000100
000001345213451150140016502026
000001346213461855000000000115
000001347213470954130015001830
000001348213481115150017002000
000001349213490730100014001730
000001350213501000120016122000
000001351213511850000000000110
000001352213521101150118012001
000001353213531830213000060206
000001354213540620000000001440
000001355213551135000000001755
000001356213561100000000001500
000001357213570600080013001500
000001358213581830000000000050
000001359213590924130015001800
000001360213600900120016001948
000001361213610000000000000600
000001362213621040124017402000
000001363213640600000000000000
000001364213650836110015001712
000001365213660000030006000836
000001366213671600000000002100
000001367213680835110014351823
000001368213691520170021202340
000001369213711200000000001700
000001370213720800110015301700
000001371213730620110013001620
000001372213740500080011121500
000001373213751745000000002345
000001374213762200010004000800
000001375213811340150020002340
000001376213820712100014121800
000001377213831130000000001530
000001378213842000220003000600
000001379213850900000000001902
000001380213870640100014001524
000001381213911020123016001840
000001382213920852120016001840
000001383213930650090011401510
000001384213941130123017302006
000001385213951136130017002020
000001386213971900210001000320
000001387213982359000000000600
000001388213991000120016001830
000001389214001000113016001830
000001390214011120120018552020
000001391214020750110014201656
000001392214030940114016001940
000001393214050815110014271815
000001394214061424172421000000
000001395214071032123016302020
000001396214080740100013401624
000001397214092200010004000748
000001398214101900220002000500
000001399214111010000000001822
000001400214121900210001000336
000001401214131712210000000400
000001402214140000000000000600
000001403214151830213000060206
000001404214180750110013301715
000001405214191330160020002230
000001406214220630090012301530
000001407214240800120014301828
000001408214250500080011001200
000001409214281700000000002100
000001410214300730000000001330
000001411214310815111515151815
000001412214320800110016001800
000001413214330500070011001448
000001414214361220000000001740
000001415214390800110014301630
000001416214420830000000001700
000001417214431320000000001920
000001418214440800000000001400
000001419214450910000000001430
000001420214460000000000000620
000001421214471840000000000200
000001422214500800100015001730
000001423214521145000000001805
000001424214531845000000000105
000001425214541140000000001700
000001426214550830110014301700
000001427214571820000000000040
000001428214580330000000000000
000001429214591120000000001640
000001430214600900110015002100
000001431214611215000000001835
000001432214620800120015301700
000001433214641030000000001430
000001434214660730110014451600
000001435214670645090512301505
000001436214680924120016241900
000001437214690724110014241700
000001438214710830110015001800
000001439214750900110017001848
000001440214770800110014001654
000001441214792000000000000000
000001442214801620200021000000
000001443214810800110014151630
000001444214820800120013151800
000001445214830845130014001745
000001446214840900130014151730
000001447214851030140015151900
000001448214860745120013121745
000001449214870745100015001745
000001450214880800120013301700
000001451214891000120016301900
000001452214900900120013001400
000001453214920730000000001350
000001454214930800000000001420
000001455214971400000000001800
000001456215030700103014301700
000001457215050700100014001700
000001458215120900000000001500
000001459215140800100014301600
000001460215150900000000001400
000001461215161000120016001900
000001462215170830110014301630
000001463215180800110016301800
000001464215190830110014301730
000001465215200900110017001900
000001466215210800100015001800
000001467215220900000000001300
000001468215250800110015001800
000001469215260800000000001200
000001470215310800110015001748
000001471215340900100016001900
000001472215370800110014301700
000001473215380800110015001742
000001474215391000120015001900
000001475215401100000000002000
000001476215410900120015001800
000001477215431000130016001900
000001478215460800103015301800
000001479215470800103015301700
000001480215520800000000001400
000001481215530800110014001700
000001482215550800110015301700
000001483215560900110016301900
000001484215570800110014001500
000001485215590800110014001500
000001486215610400000000000000
000001487215630900110015301700
000001488215650812120016001900
000001489215670930133015301900
000001490215690800110014301654
000001491215700830110013301724
000001492215710830113014301818
000001493215721006120016001900
000001494215730800000000001612
000001495215750906103015301800
000001496215760912101216121900
000001497215770812100015001800
000001498215780900120015001848
000001499215790900103015301754
000001500215820900110015301700
000001501215831000120015001800
000001502215860830113015301830
000001503215871000103015301700
000001504215880830110014301654
000001505215890830110014301848
000001506215900800110015001615
000001507215911724190000000200
000001508215990800100014001700
000001509216060900120016001800
000001510216070900120016001700
000001511216081000110017001900
000001512216090900110014001600
000001513216100900120015001720
000001514216110800100014301620
000001515216120800110015001848
000001516216131000000000001600
000001517216140800110014001630
000001518216150900120015001700
000001519216160712110015001700
000001520216170900120016001800
000001521216181000120015001900
000001522216210840110014001628
000001523216230400000000000000
000001524216240800110015001730
000001525216250800110015001712
000001526216270848110015481800
000001527216290930110015301900
000001528216300842130014301900
000001529216310800100014301730
000001530216330720000000001220
000001531216380900120015401800
000001532216391030123016401900
000001533216400900110015001600
000001534216410800000000001300
000001535216421100000000001600
000001536216430800110014121627
000001537216441033120016421900
000001538216450800110014001706
000001539216460900110015001800
000001540216471000120016001906
000001541216480730110014301818
000001542216490815110015001730
000001543216511000113017302000
000001544216520900110013001400
000001545216531000000000001400
000001546216541000130015001948
000001547216551230140020002206
000001548216610730100013001730
000001549216651040130016301900
000001550216661000120016001812
000001551216680720000000000000
000001552216800545000000000000
000001553216810400000000000000
000001554216820545000000000000
000001555216830700090013001600
000001556216840830110015301830
000001557216850800103015301745
000001558216860800100014001700
000001559216870948110015481900
000001560216880900120016001900
000001561216892240020004000700
000001562216920915121516001900
000001563216960800000000001420
000001564216970900000000001520
000001565216980742100014121800
000001566216990800000000001248
000001567217002250020004000710
000001568217010600100013201420
000001569217032250020004000710
000001570217040900120015001830
000001571217050900120014301700
000001572217060650100014501526
000001573217070710000000001230
000001574217081124130018242100
000001575217091424170020002300
000001576217100600000000000000
000001577217110724100013241600
000001578217120950110015501826
000001579217141000120017002048
000001580217150740100014401700
000001581217160800110015301740
000001582217181400000000001900
000001583217191500000000002000
000001584217200900123013451815
000001585217210945120014301900
000001586217220750110015001650
000001587217240400070011001400
000001588217251800000000000000
000001589217260652000000000000
000001590217290920000000001520
000001591217311700190023000200
000001592217340830103014421730
000001593217351200140019002136
000001594217360540000000000000
000001595217370540000000000000
000001596217381000110015002000
000001597217410800120015301730
000001598217550830120015001730
000001599217561036120017241900
000001600217801000120017002000
000001601217831345160018002000
000001602217850800120015001640
000001603217860400070010001300
000001604218540600100014001600
000001605218550701100014301701
000001606218560801110015001801
000001607218570759120013301659
000001608218580930123015301930
000001609218601000110016001900
000001610218611000113015301812
000001611218630801110015001801
000001612218680820110015001720
000001613218731310163019102130
000001614218760630100014001450
000001615218770815110014301730
000001616218780800110014151715
000001617218790500110014152200
000001618218800900123016001815
000001619218901124120016002000
000001620219020901110015301901
000001621219080000000000000600
000001622219100900110015001600
000001623219110830000000001230
000001624219120845110015301730
000001625219130730000000001542
000001626219141430163022300030
000001627219150948000000001800
000001628219161230140017002000
000001629219170810100015201810
000001630219180810100015201810
000001631219190915120015001727
000001632219201300000000002112
000001633219210918000000001730
000001634219221400150021002200
000001635219231530183022000000
000001636219241300140019002200
000001637219711510183022300110
000001638219721200000000001800
000001639219730830000000001430
000001640219740936110015151800
000001641219760800000000001400
000001642219770910000000001722
000001643219780800000000001300
000001644219791200000000001600
000001645219800745000000001145
000001646219810830100017301900
000001647219820900000000001800
000001648219830815111515151800
000001649219840800100015001800
000001650219861000120016041840
000001651219871230000000001730
000001652219881045000000001857
000001653219891648184822480048
000001654219900500000000000000
000001655219911018000000001830
000001656219920800110015001748
000001657219940540000000000000
000001658219951035000000001847
000001659219961200000000002012
000001660219971300140019002136
000001661219980800110015111800
000001662219990810110015001800
000001663302021542424102092019075502490800000000000000 00000000 00000000 00000000 000000000
000001664302021542424103092019075502490750000000000000 00000000 00000000 00000000 000000000
000001665302021542424104092019075802490530000000000000 00000000 00000000 00000000 000000000
000001666302021542424105092019075502490800000000000000 00000000 00000000 00000000 000000000
000001667302021542424106092019075502490800000000000000 00000000 00000000 00000000 000000000
000001668302021542424109092019075502490800000000101000D00000000 00000000 00000000 000000000
000001669302021542424110092019075502490800000000000000 00000000 00000000 00000000 000000000
000001670302021542424111092019075702490800000000000000 00000000 00000000 00000000 000000000
000001671302021542424112092019075602490800000000000000 00000000 00000000 00000000 000000000
000001672302021542424113092019075602490800000000121000D00000000 00000000 00000000 000000000
000001673302021542424114092019075604680400000000141000D00000000 00000000 00000000 000000000
000001674302021542424116092019075502490800000000101000D00000000 00000000 00000000 000000000
000001675302021542424117092019075702490759000000000000 00000000 00000000 00000000 000000000
000001676302021542424118092019075502490800000000141000D00000000 00000000 00000000 000000000
000001677302021542424119092019075602490800000000000000 00000000 00000000 00000000 000000000
000001678302021542424120092019075802490759000000000000 00000000 00000000 00000000 000000000
000001679302021542424121092019075904680400000000111000D00000000 00000000 00000000 000000000
000001680302021542424123092019075602490800000000000000 00000000 00000000 00000000 000000000
000001681302021542424124092019075702490800000000000000 00000000 00000000 00000000 000000000
000001682302021542424125092019080002490759000000000000 00000000 00000000 00000000 000000000
000001683302021542424126092019075602490800000000161000D00000000 00000000 00000000 000000000
000001684302021542424127092019075902490800000000000000 00000000 00000000 00000000 000000000
000001685302021542424128092019080304680400000000121000D00000000 00000000 00000000 000000000
000001686302021542424130092019075702490730000000000000 00000000 00000000 00000000 000000000
000001687302021542424101102019075802490745000000000000 00000000 00000000 00000000 000000000
000001688302021542424102102019075902490752000000000000 00000000 00000000 00000000 000000000
000001689302021542424103102019080002490746000000061000D00000000 00000000 00000000 000000000
000001690302021542424104102019080002490732000000281000D00000000 00000000 00000000 000000000
000001691302021542424105102019080004680400000000000000 00000000 00000000 00000000 000000000
000001692302021542424107102019080002490731000000000000 00000000 00000000 00000000 000000000
000001693302021542424108102019075802490730000000000000 00000000 00000000 00000000 000000000
000001694302021542424109102019075502490730000000000000 00000000 00000000 00000000 000000000
000001695302021542424110102019075502490730000000131000D00000000 00000000 00000000 000000000
000001696302021542424111102019075502490800000000121000D00000000 00000000 00000000 000000000
000001697302021542424114102019075502490800000000000000 00000000 00000000 00000000 000000000
000001698302021110430705092019075500010648000000000000 00000000 00000000 00000000 000000000
000001699302021110430706092019075500010748000000251000D00000000 00000000 00000000 000000000
000001700302021110430711092019075500010748000000000000 00000000 00000000 00000000 000000000
000001701302021110430712092019075500010805000000000000 00000000 00000000 00000000 000000000
000001702302021110430713092019075500010748000000000000 00000000 00000000 00000000 000000000
000001703302021110430716092019080000010748000000000000 00000000 00000000 00000000 000000000
000001704302021110430717092019075500010805000000000000 00000000 00000000 00000000 000000000
000001705302021110430718092019075500010748000000000000 00000000 00000000 00000000 000000000
000001706302021110430720092019075500010748000000351000D00000000 00000000 00000000 000000000
000001707302021110430721092019080000000000000004151000D00000000 00000000 00000000 000000000
000001708302021110430723092019075500010748000000000000 00000000 00000000 00000000 000000000
000001709302021110430724092019075500010720000000000000 00000000 00000000 00000000 000000000
000001710302021110430725092019075500010748000000000000 00000000 00000000 00000000 000000000
000001711302021110430726092019075500010748000000000000 00000000 00000000 00000000 000000000
000001712302021110430727092019080000010748000000000000 00000000 00000000 00000000 000000000
000001713302021110430728092019080000000000000004171000D00000000 00000000 00000000 000000000
000001714302021110430730092019080000010748000000000000 00000000 00000000 00000000 000000000
000001715302021110430702102019080000010800000000000000 00000000 00000000 00000000 000000000
000001716302021110430703102019080000010800000000000000 00000000 00000000 00000000 000000000
000001717302021110430704102019075500010748000000000000 00000000 00000000 00000000 000000000
000001718302021110430705102019075500000000000004201000D00000000 00000000 00000000 000000000
000001719302021110430711102019080000010814000000000000 00000000 00000000 00000000 000000000
0000017209
